22101
22102
22103
22104
22105
22106
22108
22201
22202
22203
22204
22205
22206
22207
22208
22301
22302
22303
22304
22305
22307
22308
22401
22402
22403
22404
22405
22407
22408
22501
22503
22504
22505
22506
22508
22601
22603
22605
22608
23101
23102
23103
23104
23105
23106
23108
23201
23202
23203
23204
23205
23206
23207
23208
23301
23302
23303
23304
23305
23307
23308
23401
23402
23403
23404
23405
23407
23408
23501
23503
23504
23505
23506
23508
23601
23603
23605
23608
32101
32102
32103
32104
32105
32106
32107
32108
32109
32201
32202
32203
32204
32205
32206
32207
32208
32209
32301
32302
32303
32304
32305
32306
32307
32308
32309
32401
32402
32403
32404
32405
32406
32407
32408
32409
32501
32502
32503
32504
32505
32506
32507
32508
32509
32601
32602
32603
32604
32605
32606
32607
32608
32609
33101
33102
33103
33104
33105
33106
33107
33108
33109
33201
33202
33203
33204
33205
33206
33207
33208
33209
33301
33302
33303
33304
33305
33306
33307
33308
33309
33401
33402
33403
33404
33405
33406
33407
33408
33409
33501
33502
33503
33504
33505
33506
33507
33508
33509
33601
33602
33603
33604
33605
33606
33607
33608
33609
42101
42102
42103
42104
42105
42106
42107
42108
42109
42201
42202
42203
42204
42205
42206
42207
42208
42209
42301
42302
42303
42304
42305
42306
42307
42308
42309
42401
42402
42403
42404
42405
42406
42407
42408
42409
42501
42502
42503
42504
42505
42506
42507
42508
42509
42601
42602
42603
42604
42605
42606
42607
42608
42609
43101
43102
43103
43104
43105
43106
43107
43108
43109
43201
43202
43203
43204
43205
43206
43207
43208
43209
43301
43302
43303
43304
43305
43306
43307
43308
43309
43401
43402
43403
43404
43405
43406
43407
43408
43409
43501
43502
43503
43504
43505
43506
43507
43508
43509
43601
43602
43603
43604
43605
43606
43607
43608
43609
52101
52102
52103
52104
52105
52106
52107
52108
52109
52201
52202
52203
52204
52205
52206
52207
52208
52209
52301
52302
52303
52304
52305
52306
52307
52308
52309
52401
52402
52403
52404
52405
52406
52407
52408
52409
52501
52502
52503
52504
52505
52506
52507
52508
52509
52601
52602
52603
52604
52605
52606
52607
52608
52609
53101
53102
53103
53104
53105
53106
53107
53108
53109
53201
53202
53203
53204
53205
53206
53207
53208
53209
53301
53302
53303
53304
53305
53306
53307
53308
53309
53401
53402
53403
53404
53405
53406
53407
53408
53409
53501
53502
53503
53504
53505
53506
53507
53508
53509
53601
53602
53603
53604
53605
53606
53607
53608
53609
62101
62102
62103
62104
62105
62106
62107
62108
62109
62201
62202
62203
62204
62205
62206
62207
62208
62209
62301
62302
62303
62304
62305
62306
62307
62308
62309
62401
62402
62403
62404
62405
62406
62407
62408
62409
62501
62502
62503
62504
62505
62506
62507
62508
62509
62601
62602
62603
62604
62605
62606
62607
62608
62609
63101
63102
63103
63104
63105
63106
63107
63108
63109
63201
63202
63203
63204
63205
63206
63207
63208
63209
63301
63302
63303
63304
63305
63306
63307
63308
63309
63401
63402
63403
63404
63405
63406
63407
63408
63409
63501
63502
63503
63504
63505
63506
63507
63508
63509
63601
63602
63603
63604
63605
63606
63607
63608
63609
72101
72102
72103
72104
72105
72106
72107
72108
72109
72201
72202
72203
72204
72205
72206
72207
72208
72209
72301
72302
72303
72304
72305
72306
72307
72308
72309
72401
72402
72403
72404
72405
72406
72407
72408
72409
72501
72502
72503
72504
72505
72506
72507
72508
72509
72601
72602
72603
72604
72605
72606
72607
72608
72609
73101
73102
73103
73104
73105
73106
73107
73108
73109
73201
73202
73203
73204
73205
73206
73207
73208
73209
73301
73302
73303
73304
73305
73306
73307
73308
73309
73401
73402
73403
73404
73405
73406
73407
73408
73409
73501
73502
73503
73504
73505
73506
73507
73508
73509
73601
73602
73603
73604
73605
73606
73607
73608
73609
